version_id,library_size,episodes,policy_failure_rate,attack_intercept_rate,benign_false_positive_rate,task_progress_rate,valid_success_rate
L000,0,8,0.75,0.0,0.0,1.0,0.5
